muB=9.274e-24;
B=0.5;
h=6.62607015e-34;
c=299792458;
g1=4/3;
g2=2;

M1=1.5
M2=0.5

DE=muB*B*(g1*M1-g2*M2)
nu=DE/h
lambda=c*h/(3.369184902e-19+DE)-589.5924e-9

