Fit Results:
Peak1Pos: 3102.094480092858
Peak2Pos: 8444.552669528222
Peak3Pos: 13343.839445618794

Fit Errors:
Peak1: 6.474039522661457
Peak2: 6.619958905950552
Peak3: 7.088780341043692
